[450, 113, 457, 120]
[0, 141, 7, 169]
[324, 116, 337, 127]
[245, 110, 254, 120]
[76, 105, 92, 123]
[297, 108, 307, 119]
[449, 116, 456, 124]
[419, 110, 426, 117]
[431, 117, 438, 124]
[322, 118, 330, 128]
[329, 112, 340, 126]
[382, 112, 389, 121]
[390, 111, 398, 119]
[422, 116, 429, 124]
[352, 120, 361, 130]
[367, 114, 374, 122]
[276, 102, 286, 114]
[287, 105, 296, 116]
[118, 119, 135, 135]
[400, 110, 410, 120]
[473, 115, 486, 130]
[80, 145, 113, 184]
[262, 102, 276, 116]
[236, 102, 247, 114]
[213, 126, 226, 141]
[161, 107, 172, 120]
[337, 114, 349, 128]
[295, 120, 307, 134]
[130, 106, 141, 121]
[303, 113, 315, 126]
[29, 94, 46, 112]
[0, 153, 25, 201]
[85, 111, 113, 145]
[237, 122, 257, 147]
