[29, 343, 62, 384]
[555, 291, 623, 328]
[818, 268, 848, 303]
[677, 283, 703, 315]
[637, 296, 666, 333]
[827, 282, 863, 323]
[51, 329, 82, 359]
[464, 270, 496, 312]
[314, 280, 342, 319]
[287, 265, 323, 309]
[556, 266, 584, 301]
[19, 328, 57, 372]
[630, 272, 662, 308]
[554, 286, 585, 328]
[696, 279, 728, 319]
[772, 292, 804, 334]
[745, 274, 777, 313]
[592, 292, 622, 330]
[410, 224, 442, 269]
[485, 280, 518, 322]
[901, 272, 933, 313]
[1080, 273, 1116, 316]
[258, 265, 290, 306]
[1036, 290, 1072, 332]
[182, 270, 220, 312]
[998, 274, 1035, 320]
[944, 264, 983, 313]
[386, 265, 425, 312]
[1116, 268, 1154, 316]
