[123, 92, 142, 115]
[87, 97, 106, 121]
[155, 97, 178, 121]
[238, 76, 256, 97]
[390, 92, 411, 118]
[155, 82, 177, 109]
[138, 98, 156, 121]
[6, 89, 34, 120]
[123, 81, 142, 104]
[138, 84, 157, 108]
[371, 91, 396, 122]
[196, 80, 215, 103]
[221, 77, 242, 103]
[308, 79, 333, 111]
[329, 80, 350, 107]
[82, 80, 106, 106]
[343, 99, 366, 127]
[175, 85, 196, 111]
[23, 68, 51, 99]
[250, 84, 271, 110]
[213, 95, 235, 123]
[275, 74, 300, 105]
[102, 89, 126, 121]
[50, 74, 80, 110]
[405, 72, 434, 110]
[454, 65, 487, 106]
