[271, 58, 284, 72]
[170, 39, 189, 51]
[179, 41, 189, 53]
[247, 53, 260, 67]
[170, 37, 181, 48]
[365, 82, 392, 110]
[163, 60, 183, 81]
[366, 65, 382, 82]
[92, 47, 105, 64]
[286, 61, 303, 81]
[8, 41, 23, 59]
[322, 52, 336, 67]
[270, 46, 284, 60]
[156, 47, 168, 61]
[234, 68, 254, 90]
[98, 34, 112, 50]
[19, 69, 39, 92]
[353, 51, 365, 64]
[294, 73, 316, 97]
[206, 58, 225, 83]
[118, 50, 133, 70]
[0, 35, 11, 52]
[25, 51, 43, 71]
[136, 59, 152, 80]
[388, 48, 401, 62]
[77, 136, 126, 194]
[73, 67, 92, 93]
[343, 91, 370, 125]
[129, 93, 155, 127]
[256, 112, 297, 160]
[7, 87, 33, 121]
[180, 125, 221, 174]
[45, 100, 78, 144]
