[993, 84, 1043, 147]
[968, 170, 1028, 244]
[494, 122, 536, 177]
[747, 126, 796, 185]
[341, 192, 410, 263]
[191, 205, 259, 282]
[565, 47, 607, 95]
[559, 193, 610, 259]
[541, 140, 589, 194]
[532, 95, 583, 153]
[608, 174, 650, 222]
[120, 203, 183, 288]
[894, 73, 938, 127]
[164, 99, 203, 149]
[1176, 154, 1200, 241]
[304, 80, 345, 134]
[945, 89, 988, 140]
[940, 218, 1012, 305]
[1046, 76, 1099, 135]
[943, 142, 996, 206]
[354, 75, 390, 123]
[250, 118, 288, 162]
[1159, 132, 1200, 204]
[847, 173, 900, 234]
[172, 153, 231, 229]
[97, 69, 137, 115]
[382, 105, 421, 155]
[660, 203, 719, 289]
[142, 207, 246, 334]
[80, 209, 136, 279]
[1007, 154, 1091, 249]
[353, 207, 431, 297]
[1116, 75, 1166, 140]
[721, 187, 788, 275]
[0, 146, 39, 226]
[823, 222, 885, 300]
[829, 65, 870, 117]
[270, 234, 345, 315]
[750, 242, 804, 318]
[522, 172, 582, 241]
