[377, 186, 386, 195]
[369, 182, 377, 191]
[33, 170, 44, 181]
[552, 200, 562, 211]
[489, 188, 498, 198]
[384, 185, 393, 194]
[362, 193, 372, 204]
[249, 187, 268, 209]
[472, 195, 481, 204]
[98, 174, 108, 185]
[0, 273, 48, 338]
[517, 195, 525, 205]
[327, 191, 338, 202]
[309, 185, 318, 194]
[57, 177, 70, 191]
[348, 198, 365, 217]
[530, 196, 540, 207]
[508, 197, 518, 208]
[546, 203, 556, 214]
[1, 193, 25, 222]
[422, 192, 432, 203]
[462, 191, 473, 202]
[49, 166, 60, 178]
[77, 184, 98, 209]
[373, 208, 392, 232]
[233, 192, 254, 214]
[161, 185, 179, 202]
[279, 188, 300, 212]
[188, 257, 244, 317]
[464, 231, 517, 288]
