[189, 382, 237, 435]
[655, 428, 733, 508]
[689, 417, 743, 481]
[656, 397, 698, 443]
[148, 290, 166, 311]
[399, 393, 439, 431]
[847, 418, 900, 478]
[400, 415, 441, 459]
[197, 294, 217, 317]
[776, 299, 792, 318]
[810, 299, 827, 319]
[392, 295, 409, 315]
[746, 294, 763, 314]
[597, 301, 613, 321]
[354, 294, 373, 317]
[707, 294, 724, 314]
[111, 286, 130, 309]
[518, 298, 534, 319]
[425, 292, 443, 314]
[241, 291, 260, 313]
[307, 292, 326, 314]
[720, 394, 766, 443]
[558, 281, 577, 306]
[166, 386, 234, 478]
[451, 411, 491, 454]
[469, 294, 485, 314]
[634, 293, 650, 313]
[661, 296, 677, 316]
[818, 397, 859, 441]
