[630, 294, 661, 328]
[272, 269, 295, 296]
[548, 260, 564, 278]
[306, 288, 324, 313]
[35, 315, 72, 354]
[322, 272, 337, 290]
[363, 270, 378, 287]
[310, 305, 354, 360]
[456, 267, 480, 294]
[140, 281, 165, 309]
[31, 286, 54, 312]
[536, 293, 570, 331]
[363, 326, 414, 390]
[496, 267, 519, 296]
[217, 274, 255, 318]
[575, 305, 659, 391]
[658, 307, 729, 382]
[0, 289, 26, 319]
[5, 332, 82, 412]
[245, 304, 328, 409]
[465, 332, 546, 415]
[436, 288, 473, 336]
[179, 290, 225, 343]
[744, 294, 800, 372]
[120, 305, 154, 347]
