[1282, 266, 1377, 318]
[709, 428, 802, 537]
[888, 276, 929, 324]
[1265, 327, 1330, 407]
[1252, 288, 1299, 342]
[610, 314, 668, 388]
[634, 296, 690, 362]
[941, 414, 1022, 509]
[1869, 335, 1962, 456]
[1434, 264, 1489, 332]
[984, 252, 1020, 295]
[1333, 259, 1378, 313]
[876, 242, 912, 287]
[776, 280, 835, 355]
[936, 235, 975, 279]
[438, 405, 542, 533]
[0, 343, 62, 440]
[1406, 303, 1470, 375]
[935, 376, 999, 448]
[1284, 267, 1327, 320]
[1076, 256, 1115, 300]
[1079, 336, 1135, 407]
[416, 358, 498, 440]
[1839, 255, 1895, 319]
[468, 309, 527, 374]
[257, 347, 320, 426]
[1853, 284, 1925, 371]
[666, 431, 779, 578]
[916, 470, 1021, 604]
[157, 385, 245, 494]
[1149, 347, 1227, 450]
[73, 346, 162, 454]
[1114, 414, 1200, 532]
[1708, 480, 1836, 642]
[1681, 418, 1778, 548]
