[179, 118, 189, 128]
[81, 143, 97, 161]
[126, 124, 138, 138]
[197, 123, 207, 135]
[270, 106, 280, 115]
[128, 173, 152, 199]
[295, 122, 307, 136]
[240, 128, 254, 142]
[74, 127, 87, 143]
[264, 119, 276, 132]
[344, 131, 359, 148]
[314, 240, 358, 288]
[41, 152, 58, 173]
[219, 128, 232, 142]
[288, 135, 303, 153]
[328, 114, 342, 129]
[360, 116, 374, 136]
[142, 129, 154, 144]
[205, 106, 220, 123]
[48, 156, 69, 180]
[414, 113, 434, 135]
[221, 145, 240, 164]
[164, 136, 178, 152]
[104, 154, 126, 179]
[406, 166, 434, 198]
[40, 202, 72, 236]
[332, 170, 359, 205]
[377, 125, 394, 146]
[496, 159, 512, 204]
[326, 133, 344, 157]
[56, 170, 80, 199]
[164, 182, 190, 212]
[460, 135, 485, 163]
[442, 179, 484, 232]
[91, 222, 134, 267]
[274, 148, 295, 172]
[212, 213, 252, 264]
