[0, 320, 8, 342]
[422, 322, 433, 334]
[288, 320, 310, 343]
[571, 320, 588, 338]
[599, 320, 612, 334]
[78, 289, 88, 302]
[0, 296, 11, 316]
[65, 293, 76, 306]
[389, 321, 405, 340]
[227, 319, 280, 360]
[342, 319, 362, 339]
[674, 324, 688, 338]
[30, 316, 46, 334]
[120, 297, 130, 309]
[717, 324, 729, 337]
[157, 320, 175, 341]
[205, 315, 241, 353]
[145, 317, 157, 331]
[169, 293, 179, 305]
[595, 330, 612, 348]
[662, 323, 675, 336]
[2, 312, 22, 336]
[530, 321, 554, 347]
[613, 325, 630, 343]
[490, 304, 499, 315]
[280, 323, 306, 348]
[199, 298, 210, 310]
[41, 324, 63, 349]
[399, 324, 418, 346]
[635, 324, 651, 341]
[577, 324, 598, 348]
[702, 323, 717, 340]
[737, 322, 751, 336]
[169, 318, 195, 348]
[66, 324, 88, 348]
[433, 323, 452, 345]
[453, 322, 469, 341]
[225, 316, 254, 350]
[110, 320, 138, 352]
[364, 317, 392, 353]
[469, 319, 487, 339]
[497, 323, 514, 343]
[248, 323, 286, 367]
[311, 319, 347, 361]
[189, 317, 231, 362]
