[342, 37, 399, 142]
[249, 0, 267, 7]
[186, 63, 204, 82]
[451, 0, 468, 8]
[30, 0, 45, 6]
[767, 0, 786, 9]
[0, 180, 11, 208]
[91, 0, 103, 8]
[861, 145, 883, 172]
[532, 0, 546, 9]
[947, 0, 967, 10]
[303, 0, 320, 14]
[764, 17, 784, 41]
[38, 32, 52, 49]
[0, 120, 9, 144]
[377, 0, 394, 13]
[167, 9, 183, 30]
[748, 205, 775, 240]
[670, 56, 689, 79]
[962, 40, 984, 64]
[0, 45, 10, 69]
[129, 53, 146, 74]
[76, 179, 98, 209]
[364, 42, 381, 65]
[237, 16, 254, 35]
[762, 55, 782, 80]
[431, 32, 448, 54]
[108, 238, 130, 266]
[59, 54, 77, 75]
[11, 248, 38, 281]
[390, 93, 411, 120]
[303, 88, 324, 113]
[889, 195, 916, 227]
[63, 122, 82, 144]
[222, 101, 241, 126]
[106, 21, 122, 41]
[579, 460, 619, 510]
[588, 3, 611, 31]
[272, 39, 290, 61]
[674, 7, 693, 30]
[479, 85, 499, 111]
[835, 0, 855, 23]
[122, 116, 146, 145]
[356, 156, 377, 181]
[664, 126, 687, 156]
[893, 302, 927, 339]
[546, 143, 569, 172]
[736, 464, 766, 505]
[197, 243, 221, 275]
[761, 121, 782, 148]
[501, 24, 520, 47]
[129, 341, 153, 376]
[636, 230, 660, 260]
[861, 45, 881, 70]
[570, 64, 591, 91]
[266, 155, 288, 186]
[482, 343, 511, 375]
[454, 133, 475, 160]
[30, 348, 53, 379]
[763, 345, 792, 381]
[525, 225, 550, 255]
[358, 329, 388, 365]
[309, 229, 333, 262]
[171, 158, 195, 188]
[32, 474, 65, 516]
[226, 356, 253, 391]
[407, 226, 433, 260]
[607, 340, 636, 375]
[425, 490, 459, 528]
[149, 485, 179, 527]
[896, 450, 935, 496]
[282, 469, 318, 514]
