[244, 193, 290, 270]
[164, 138, 202, 246]
[448, 158, 482, 235]
[238, 172, 252, 188]
[246, 217, 267, 241]
[579, 146, 593, 161]
[233, 204, 253, 226]
[360, 132, 375, 148]
[516, 132, 526, 146]
[78, 158, 99, 181]
[40, 128, 66, 159]
[121, 143, 134, 159]
[175, 179, 195, 202]
[311, 126, 321, 138]
[149, 143, 162, 158]
[331, 145, 345, 161]
[228, 167, 242, 185]
[247, 136, 262, 154]
[261, 197, 278, 217]
[414, 212, 431, 233]
[130, 162, 151, 185]
[53, 128, 82, 162]
[304, 142, 317, 159]
[176, 140, 191, 156]
[462, 145, 477, 163]
[563, 127, 583, 152]
[595, 140, 611, 157]
[526, 126, 541, 144]
[399, 139, 414, 158]
[145, 174, 164, 198]
[500, 138, 515, 158]
[351, 140, 381, 173]
[624, 203, 640, 270]
[448, 169, 474, 200]
[442, 130, 458, 150]
[177, 214, 257, 294]
[112, 172, 134, 198]
[2, 127, 21, 152]
