[205, 147, 230, 178]
[155, 122, 176, 148]
[304, 129, 327, 158]
[249, 152, 273, 180]
[352, 154, 375, 181]
[310, 148, 334, 178]
[41, 124, 65, 152]
[119, 151, 142, 181]
[12, 142, 36, 170]
[58, 164, 81, 193]
[608, 120, 635, 149]
[624, 158, 649, 188]
[549, 111, 572, 141]
[255, 124, 276, 151]
[398, 151, 422, 182]
[163, 151, 187, 181]
[582, 163, 609, 195]
[437, 117, 459, 146]
[445, 152, 471, 186]
[88, 163, 111, 191]
[348, 128, 369, 155]
[537, 160, 559, 190]
[75, 127, 98, 155]
[201, 108, 225, 140]
[383, 131, 405, 159]
[495, 113, 518, 143]
[493, 143, 519, 174]
[118, 110, 143, 140]
