[103, 76, 123, 99]
[391, 101, 414, 131]
[493, 74, 514, 99]
[144, 77, 162, 100]
[446, 79, 466, 106]
[363, 79, 383, 102]
[56, 92, 76, 120]
[186, 79, 204, 102]
[236, 129, 257, 156]
[200, 106, 220, 133]
[486, 98, 509, 127]
[408, 76, 427, 101]
[66, 76, 85, 100]
[320, 81, 338, 104]
[135, 119, 159, 147]
[431, 101, 455, 129]
[387, 128, 410, 157]
[293, 93, 315, 120]
[109, 96, 130, 122]
[344, 94, 365, 121]
[182, 126, 205, 154]
[445, 124, 470, 154]
[278, 80, 296, 102]
[157, 94, 178, 124]
[245, 92, 266, 119]
[231, 73, 251, 95]
[499, 130, 525, 160]
[338, 124, 361, 151]
[285, 126, 309, 154]
[81, 125, 105, 154]
[26, 120, 51, 149]
