[25, 145, 39, 165]
[271, 161, 284, 177]
[189, 156, 200, 169]
[137, 150, 152, 168]
[368, 161, 380, 175]
[110, 147, 125, 163]
[169, 167, 188, 187]
[214, 154, 226, 168]
[221, 139, 231, 151]
[34, 146, 50, 166]
[306, 168, 324, 190]
[474, 180, 494, 201]
[415, 168, 431, 187]
[519, 177, 535, 196]
[228, 218, 269, 265]
[244, 200, 273, 231]
[546, 196, 566, 218]
[178, 178, 199, 201]
[641, 198, 659, 220]
[427, 196, 449, 221]
[260, 178, 281, 203]
[585, 203, 606, 228]
[79, 158, 104, 190]
[526, 237, 568, 283]
[489, 221, 516, 253]
[111, 184, 140, 218]
[373, 217, 403, 255]
[343, 278, 396, 340]
