[491, 615, 507, 634]
[528, 606, 546, 624]
[502, 604, 521, 624]
[351, 612, 371, 632]
[307, 618, 321, 632]
[1227, 571, 1242, 588]
[956, 595, 978, 618]
[1248, 577, 1264, 595]
[1184, 556, 1194, 567]
[74, 659, 98, 684]
[794, 852, 896, 969]
[10, 640, 29, 662]
[524, 648, 548, 673]
[572, 636, 598, 665]
[858, 582, 876, 601]
[1478, 573, 1495, 594]
[1239, 601, 1260, 625]
[1026, 591, 1050, 617]
[676, 591, 693, 611]
[818, 591, 834, 610]
[1534, 579, 1551, 600]
[1102, 582, 1121, 603]
[628, 604, 646, 623]
[1060, 579, 1074, 593]
[371, 632, 403, 668]
[1321, 597, 1344, 623]
[419, 608, 433, 622]
[782, 610, 806, 636]
[105, 628, 130, 656]
[1145, 548, 1156, 559]
[496, 648, 518, 671]
[1026, 616, 1058, 652]
[996, 621, 1029, 662]
[656, 612, 683, 642]
[439, 612, 461, 634]
[354, 658, 392, 696]
[1582, 595, 1600, 628]
[1082, 590, 1107, 618]
[110, 738, 147, 776]
[1412, 579, 1440, 611]
[728, 611, 757, 645]
[252, 589, 278, 615]
[1502, 587, 1538, 626]
[1174, 604, 1208, 642]
[841, 611, 866, 640]
[678, 650, 731, 711]
[146, 650, 181, 690]
[925, 607, 954, 639]
[198, 628, 228, 661]
[326, 718, 391, 788]
[596, 622, 627, 664]
[11, 764, 69, 827]
[856, 681, 907, 748]
[1439, 604, 1476, 648]
[1324, 618, 1364, 668]
[881, 631, 921, 679]
[1261, 632, 1304, 680]
[1355, 590, 1382, 622]
[1184, 756, 1275, 845]
[1096, 662, 1144, 715]
[384, 749, 470, 843]
