[189, 164, 204, 181]
[622, 176, 630, 184]
[208, 184, 229, 207]
[439, 177, 455, 193]
[17, 184, 37, 205]
[944, 230, 997, 288]
[426, 186, 444, 206]
[478, 174, 486, 183]
[463, 178, 471, 187]
[590, 206, 611, 230]
[824, 188, 843, 206]
[130, 170, 146, 186]
[647, 175, 658, 187]
[0, 170, 13, 194]
[157, 164, 173, 180]
[670, 192, 681, 204]
[755, 176, 769, 191]
[143, 172, 160, 191]
[194, 165, 212, 183]
[220, 169, 233, 183]
[896, 200, 924, 234]
[738, 175, 752, 190]
[786, 178, 802, 196]
[876, 190, 901, 219]
[293, 201, 321, 235]
[388, 223, 450, 305]
