[540, 260, 555, 279]
[384, 269, 399, 286]
[1162, 291, 1199, 341]
[553, 259, 569, 278]
[276, 282, 326, 334]
[673, 260, 689, 277]
[646, 255, 662, 273]
[637, 271, 656, 291]
[526, 255, 540, 271]
[412, 273, 430, 293]
[778, 268, 808, 298]
[631, 255, 645, 271]
[689, 257, 702, 273]
[445, 269, 471, 298]
[562, 264, 582, 287]
[355, 269, 380, 298]
[590, 265, 606, 284]
[473, 253, 489, 272]
[617, 271, 630, 288]
[1179, 295, 1200, 338]
[747, 255, 768, 279]
[943, 299, 978, 337]
[908, 295, 941, 331]
[1055, 265, 1098, 316]
[485, 263, 533, 325]
[720, 244, 743, 270]
[926, 266, 961, 301]
[322, 314, 382, 370]
[1142, 285, 1187, 341]
[33, 337, 166, 470]
