[635, 164, 646, 176]
[809, 193, 829, 217]
[768, 188, 776, 196]
[480, 214, 496, 232]
[462, 200, 475, 215]
[238, 170, 250, 183]
[645, 168, 656, 180]
[436, 211, 449, 224]
[0, 277, 19, 336]
[501, 185, 513, 199]
[479, 232, 500, 255]
[360, 238, 390, 264]
[443, 174, 457, 188]
[374, 330, 401, 366]
[601, 183, 614, 198]
[173, 186, 213, 231]
[553, 188, 568, 205]
[457, 224, 473, 242]
[415, 183, 427, 197]
[538, 183, 553, 199]
[393, 181, 406, 196]
[475, 179, 488, 194]
[113, 167, 155, 211]
[98, 202, 128, 237]
[361, 272, 390, 306]
[419, 221, 434, 238]
[332, 266, 362, 298]
[583, 183, 600, 202]
[837, 203, 863, 236]
[714, 209, 734, 232]
[324, 182, 343, 202]
[636, 183, 650, 199]
[459, 270, 493, 309]
[583, 231, 609, 259]
[267, 192, 296, 228]
[41, 242, 146, 346]
[789, 340, 853, 408]
[756, 284, 799, 335]
[789, 175, 817, 207]
[308, 310, 353, 362]
[234, 190, 278, 238]
[855, 188, 892, 237]
[703, 264, 731, 297]
[470, 281, 516, 329]
[673, 246, 698, 276]
[123, 187, 165, 240]
[551, 233, 580, 269]
[494, 235, 524, 272]
[167, 207, 218, 261]
[789, 202, 820, 240]
[215, 366, 286, 438]
[874, 274, 913, 319]
[269, 336, 337, 414]
[930, 298, 978, 346]
[657, 354, 728, 449]
