[489, 133, 501, 147]
[687, 118, 698, 131]
[277, 168, 289, 181]
[349, 175, 362, 190]
[459, 137, 471, 151]
[552, 139, 565, 155]
[103, 210, 115, 224]
[298, 214, 314, 232]
[299, 168, 310, 180]
[535, 77, 542, 85]
[265, 179, 277, 193]
[619, 108, 629, 121]
[0, 224, 12, 239]
[34, 228, 46, 242]
[385, 172, 399, 188]
[16, 225, 28, 240]
[279, 116, 285, 124]
[70, 226, 85, 244]
[240, 189, 254, 205]
[482, 146, 494, 159]
[674, 141, 690, 159]
[328, 167, 339, 181]
[286, 200, 301, 217]
[591, 134, 605, 150]
[98, 225, 112, 242]
[242, 236, 259, 258]
[293, 177, 305, 193]
[508, 153, 522, 170]
[297, 229, 316, 252]
[139, 282, 159, 304]
[181, 211, 195, 226]
[564, 159, 581, 179]
[262, 231, 282, 253]
[478, 226, 502, 256]
[399, 181, 416, 200]
[154, 228, 168, 245]
[450, 157, 463, 172]
[124, 227, 139, 245]
[617, 143, 632, 161]
[428, 170, 441, 186]
[25, 241, 41, 260]
[350, 207, 366, 227]
[667, 157, 685, 177]
[3, 243, 17, 261]
[112, 280, 130, 302]
[89, 250, 108, 272]
[526, 165, 540, 182]
[55, 239, 74, 262]
[453, 204, 473, 227]
[338, 185, 354, 203]
[176, 247, 194, 268]
[214, 205, 230, 223]
[445, 178, 461, 197]
[612, 158, 629, 179]
[537, 177, 557, 201]
[311, 204, 327, 223]
[489, 181, 506, 201]
[658, 174, 678, 197]
[398, 196, 420, 221]
[472, 162, 488, 181]
[199, 261, 221, 288]
[594, 176, 614, 199]
[362, 233, 381, 257]
[319, 269, 345, 298]
[176, 270, 196, 296]
[574, 194, 597, 222]
[62, 305, 83, 328]
[253, 261, 277, 288]
[508, 198, 529, 223]
[661, 199, 685, 228]
[378, 274, 408, 308]
[622, 229, 650, 262]
[423, 229, 447, 256]
[542, 228, 569, 262]
[511, 264, 547, 309]
[615, 277, 651, 318]
