[1003, 294, 1184, 715]
[212, 292, 280, 367]
[2054, 557, 2187, 722]
[873, 320, 958, 430]
[1047, 470, 1142, 582]
[1187, 379, 1273, 487]
[2139, 409, 2241, 523]
[2530, 186, 2609, 265]
[2053, 297, 2119, 372]
[268, 340, 346, 435]
[1057, 297, 1129, 391]
[440, 471, 556, 609]
[1602, 355, 1677, 453]
[2486, 417, 2600, 557]
[582, 379, 671, 500]
[1608, 245, 1672, 328]
[2022, 365, 2113, 471]
[940, 597, 1082, 785]
[689, 330, 760, 423]
[2380, 703, 2569, 922]
[1653, 396, 1759, 521]
[1363, 285, 1438, 380]
[96, 344, 204, 468]
[566, 909, 796, 1169]
[1173, 881, 1389, 1133]
