[382, 47, 392, 58]
[446, 52, 457, 65]
[464, 40, 476, 52]
[559, 56, 573, 73]
[186, 47, 196, 58]
[106, 48, 118, 60]
[90, 58, 105, 75]
[290, 33, 299, 44]
[213, 30, 226, 45]
[476, 27, 486, 39]
[537, 54, 550, 68]
[265, 51, 281, 69]
[199, 50, 213, 66]
[651, 74, 660, 95]
[156, 63, 173, 80]
[288, 54, 303, 69]
[135, 52, 148, 66]
[406, 66, 428, 93]
[388, 55, 402, 72]
[613, 56, 629, 75]
[330, 83, 356, 110]
[323, 104, 367, 155]
[304, 30, 316, 45]
[513, 70, 531, 90]
[414, 51, 428, 67]
[225, 59, 248, 85]
[59, 55, 79, 78]
[636, 30, 658, 53]
[28, 15, 47, 34]
[94, 72, 116, 97]
[2, 95, 55, 154]
[201, 74, 236, 112]
[527, 97, 565, 137]
[195, 136, 294, 247]
