[190, 161, 218, 180]
[537, 97, 549, 107]
[518, 98, 527, 107]
[561, 94, 569, 102]
[578, 90, 587, 98]
[593, 91, 600, 99]
[492, 98, 500, 106]
[469, 99, 478, 110]
[529, 126, 539, 137]
[0, 111, 6, 121]
[480, 136, 492, 149]
[466, 143, 479, 157]
[492, 134, 503, 146]
[513, 131, 524, 143]
[414, 105, 426, 117]
[190, 165, 205, 181]
[419, 148, 432, 164]
[382, 107, 391, 118]
[366, 161, 379, 178]
[390, 154, 405, 173]
[203, 158, 218, 177]
[3, 130, 33, 161]
[220, 195, 243, 222]
[312, 178, 333, 199]
[19, 141, 53, 178]
[243, 191, 265, 217]
[1, 255, 45, 300]
[97, 232, 129, 266]
