[159, 35, 170, 47]
[188, 33, 200, 48]
[11, 46, 28, 64]
[121, 45, 139, 68]
[577, 47, 591, 61]
[371, 148, 394, 175]
[62, 35, 74, 47]
[253, 35, 269, 50]
[272, 41, 288, 58]
[340, 41, 352, 56]
[75, 29, 86, 40]
[218, 56, 238, 83]
[201, 39, 218, 61]
[31, 31, 42, 43]
[583, 46, 598, 62]
[103, 37, 113, 49]
[163, 39, 178, 55]
[56, 34, 68, 47]
[117, 41, 134, 61]
[583, 77, 600, 105]
[203, 53, 234, 94]
[545, 36, 556, 48]
[517, 55, 537, 77]
[219, 27, 234, 46]
[15, 37, 34, 59]
[75, 62, 101, 90]
[517, 105, 563, 147]
[546, 54, 565, 74]
[302, 61, 322, 89]
[139, 70, 163, 100]
[462, 55, 491, 88]
[126, 49, 145, 72]
[560, 133, 600, 191]
[489, 60, 524, 99]
[167, 62, 193, 96]
[300, 117, 323, 145]
[393, 111, 438, 165]
[364, 73, 390, 108]
