[166, 450, 203, 487]
[642, 463, 673, 503]
[256, 449, 284, 483]
[698, 452, 723, 485]
[247, 460, 277, 495]
[180, 447, 210, 482]
[614, 453, 644, 489]
[567, 443, 598, 481]
[1019, 470, 1051, 508]
[362, 454, 396, 493]
[0, 477, 26, 536]
[103, 483, 147, 535]
[756, 457, 782, 488]
[154, 452, 188, 492]
[280, 461, 315, 501]
[314, 465, 354, 516]
[872, 459, 900, 493]
[681, 460, 714, 501]
[497, 454, 521, 485]
[824, 454, 851, 489]
[415, 414, 455, 458]
[60, 461, 92, 497]
[917, 460, 949, 500]
[0, 565, 50, 720]
[788, 464, 819, 500]
[575, 537, 695, 672]
[531, 463, 565, 506]
[889, 588, 989, 684]
[1151, 461, 1183, 503]
[174, 478, 213, 528]
[1158, 569, 1266, 689]
[387, 582, 540, 762]
