[747, 480, 759, 492]
[738, 564, 754, 583]
[710, 566, 727, 586]
[817, 442, 829, 455]
[706, 432, 717, 446]
[150, 103, 165, 119]
[754, 106, 766, 121]
[115, 524, 136, 548]
[217, 457, 227, 469]
[154, 41, 168, 57]
[824, 55, 838, 72]
[231, 490, 246, 507]
[193, 541, 214, 561]
[256, 159, 276, 180]
[418, 524, 444, 556]
[344, 550, 365, 573]
[182, 91, 199, 111]
[118, 465, 132, 484]
[682, 510, 704, 534]
[718, 199, 743, 231]
[119, 505, 137, 523]
[732, 477, 743, 490]
[684, 590, 711, 619]
[379, 471, 395, 489]
[286, 494, 303, 514]
[832, 501, 854, 528]
[824, 468, 838, 486]
[701, 249, 744, 296]
[744, 160, 761, 177]
[75, 530, 104, 562]
[253, 502, 272, 523]
[781, 171, 800, 192]
[868, 498, 890, 523]
[438, 501, 457, 522]
[333, 458, 363, 493]
[109, 281, 144, 320]
[944, 562, 965, 585]
[2, 252, 46, 296]
[276, 248, 306, 284]
