[1130, 254, 1169, 294]
[590, 240, 619, 274]
[747, 219, 772, 248]
[376, 238, 408, 277]
[913, 278, 977, 356]
[103, 224, 128, 257]
[589, 227, 619, 261]
[642, 204, 667, 232]
[483, 232, 512, 270]
[715, 228, 742, 262]
[117, 229, 150, 272]
[527, 226, 565, 272]
[813, 237, 855, 289]
[1106, 285, 1179, 380]
[675, 237, 709, 279]
[307, 222, 340, 263]
[27, 235, 56, 270]
[1142, 301, 1200, 402]
[356, 356, 449, 473]
[1098, 256, 1135, 304]
[898, 225, 939, 278]
[341, 250, 393, 312]
[936, 301, 1018, 405]
[241, 267, 285, 328]
[896, 323, 979, 437]
[542, 274, 588, 342]
[958, 216, 1022, 304]
[427, 248, 472, 306]
[568, 288, 625, 363]
[112, 300, 192, 405]
[709, 324, 796, 439]
[300, 292, 369, 378]
[142, 246, 193, 308]
[0, 251, 39, 317]
[489, 312, 547, 389]
[778, 273, 853, 369]
