[6, 194, 82, 300]
[233, 191, 249, 209]
[33, 261, 111, 344]
[93, 187, 111, 205]
[268, 188, 282, 204]
[306, 204, 328, 227]
[112, 183, 128, 202]
[290, 190, 306, 207]
[371, 197, 384, 210]
[354, 208, 375, 233]
[182, 188, 196, 204]
[392, 201, 408, 219]
[278, 212, 316, 249]
[346, 195, 362, 212]
[82, 197, 112, 233]
[26, 187, 53, 214]
[338, 209, 367, 240]
[28, 228, 82, 285]
[246, 205, 274, 238]
[138, 188, 157, 210]
[0, 208, 13, 241]
[305, 222, 335, 254]
[208, 201, 229, 226]
[117, 217, 158, 258]
[65, 211, 101, 244]
[567, 174, 592, 200]
[157, 200, 183, 233]
