[332, 83, 338, 90]
[154, 63, 161, 70]
[447, 92, 457, 105]
[472, 100, 484, 112]
[437, 90, 446, 100]
[305, 92, 314, 102]
[494, 93, 500, 104]
[203, 73, 211, 81]
[444, 115, 459, 133]
[140, 87, 150, 97]
[422, 93, 431, 103]
[389, 92, 401, 103]
[237, 86, 246, 96]
[160, 80, 168, 90]
[203, 88, 213, 100]
[287, 125, 304, 144]
[146, 84, 156, 95]
[438, 75, 443, 81]
[456, 98, 468, 111]
[132, 84, 141, 95]
[490, 152, 500, 194]
[432, 100, 445, 113]
[286, 95, 298, 109]
[92, 92, 105, 108]
[105, 90, 117, 103]
[139, 64, 146, 72]
[339, 94, 350, 106]
[486, 106, 499, 121]
[261, 94, 272, 108]
[171, 88, 180, 99]
[188, 91, 197, 103]
[243, 93, 254, 106]
[78, 89, 90, 103]
[136, 102, 151, 122]
[106, 61, 115, 73]
[357, 98, 369, 111]
[0, 157, 9, 199]
[202, 96, 212, 109]
[301, 115, 316, 133]
[84, 103, 100, 122]
[347, 120, 362, 136]
[173, 108, 192, 132]
[400, 110, 418, 131]
[142, 116, 168, 146]
[460, 127, 486, 154]
[11, 99, 31, 122]
[422, 128, 449, 157]
[34, 134, 62, 165]
[261, 119, 283, 145]
[360, 133, 385, 164]
[88, 162, 122, 203]
[414, 147, 447, 187]
[330, 156, 366, 201]
[132, 190, 176, 252]
