[1213, 809, 1241, 845]
[1279, 787, 1300, 809]
[751, 806, 770, 827]
[320, 770, 332, 783]
[1838, 814, 1888, 866]
[274, 857, 308, 895]
[92, 876, 136, 925]
[43, 779, 61, 801]
[194, 831, 223, 862]
[454, 791, 470, 809]
[1335, 784, 1356, 805]
[731, 836, 759, 869]
[562, 845, 596, 880]
[701, 811, 723, 835]
[1219, 800, 1245, 827]
[1354, 824, 1388, 861]
[1795, 788, 1821, 819]
[588, 805, 609, 829]
[1606, 804, 1630, 831]
[238, 794, 256, 813]
[650, 828, 680, 856]
[1147, 795, 1178, 826]
[524, 830, 551, 858]
[590, 841, 624, 877]
[51, 806, 78, 833]
[1861, 807, 1897, 847]
[393, 853, 421, 884]
[330, 837, 355, 866]
[1109, 788, 1130, 810]
[487, 837, 512, 865]
[1116, 813, 1149, 850]
[211, 849, 246, 891]
[1145, 830, 1176, 863]
[1640, 822, 1676, 862]
[563, 863, 599, 903]
[518, 757, 534, 778]
[1710, 808, 1743, 845]
[1830, 826, 1875, 877]
[445, 883, 487, 931]
[341, 938, 404, 1007]
[1697, 836, 1732, 871]
[1517, 875, 1553, 912]
[10, 879, 75, 946]
[688, 909, 733, 958]
[1766, 811, 1808, 857]
[1409, 757, 1435, 787]
[747, 887, 789, 932]
[1275, 858, 1323, 913]
[1524, 795, 1548, 823]
[1585, 1044, 1668, 1127]
[800, 826, 830, 857]
[119, 883, 198, 962]
[1317, 840, 1360, 886]
[1801, 847, 1848, 900]
[705, 864, 742, 906]
[1407, 873, 1449, 915]
[1221, 853, 1257, 893]
[203, 941, 335, 1054]
[1445, 756, 1473, 785]
[822, 895, 856, 934]
[420, 904, 471, 964]
[1621, 934, 1695, 1004]
[1783, 1012, 1863, 1101]
[1508, 981, 1567, 1047]
[580, 926, 627, 977]
[0, 962, 72, 1073]
[488, 961, 554, 1027]
[98, 952, 180, 1051]
[1288, 900, 1343, 958]
[434, 1035, 524, 1133]
[1426, 967, 1487, 1040]
[141, 1056, 304, 1219]
