[296, 235, 305, 245]
[462, 240, 472, 251]
[403, 239, 423, 263]
[598, 244, 613, 258]
[614, 243, 627, 256]
[584, 226, 595, 239]
[110, 255, 126, 274]
[263, 242, 272, 252]
[634, 241, 647, 255]
[221, 242, 230, 252]
[438, 244, 451, 258]
[548, 254, 564, 273]
[656, 234, 668, 248]
[192, 304, 229, 343]
[568, 249, 586, 268]
[310, 245, 327, 267]
[413, 244, 436, 272]
[178, 244, 189, 258]
[188, 255, 210, 278]
[84, 261, 113, 291]
[686, 260, 716, 291]
[503, 256, 523, 278]
[566, 303, 612, 357]
[332, 272, 361, 310]
[453, 308, 511, 384]
[18, 221, 69, 285]
