[332, 268, 351, 289]
[247, 278, 264, 295]
[423, 224, 435, 237]
[799, 184, 811, 195]
[0, 298, 13, 317]
[570, 209, 584, 226]
[855, 217, 872, 236]
[180, 256, 190, 267]
[752, 249, 805, 351]
[892, 182, 900, 196]
[92, 279, 107, 295]
[31, 293, 51, 314]
[3, 291, 27, 310]
[396, 254, 413, 272]
[164, 263, 177, 274]
[714, 202, 724, 214]
[835, 280, 868, 321]
[0, 289, 14, 308]
[225, 265, 238, 277]
[669, 194, 685, 211]
[850, 178, 864, 195]
[101, 287, 117, 304]
[0, 329, 15, 358]
[479, 241, 495, 258]
[278, 265, 295, 285]
[185, 528, 288, 598]
[874, 232, 899, 265]
[512, 240, 529, 261]
[733, 187, 745, 199]
[883, 206, 897, 223]
[489, 257, 507, 278]
[851, 245, 883, 282]
[48, 275, 61, 291]
[414, 287, 442, 319]
[351, 228, 364, 244]
[43, 315, 68, 341]
[161, 290, 186, 316]
[0, 395, 36, 463]
[817, 176, 828, 190]
[256, 282, 277, 304]
[770, 286, 812, 342]
[203, 288, 226, 311]
[14, 293, 29, 311]
[766, 188, 782, 206]
[382, 227, 396, 244]
[541, 215, 564, 242]
[735, 253, 756, 277]
[438, 236, 456, 258]
[718, 220, 735, 238]
[525, 282, 557, 321]
[510, 262, 537, 294]
[325, 299, 353, 327]
[675, 235, 696, 264]
[290, 288, 313, 317]
[593, 216, 613, 245]
[694, 256, 718, 283]
[849, 275, 892, 325]
[762, 249, 782, 273]
[823, 234, 843, 257]
[450, 270, 469, 293]
[529, 238, 553, 268]
[116, 264, 147, 295]
[384, 267, 419, 307]
[0, 467, 39, 553]
[658, 203, 677, 227]
[42, 346, 73, 387]
[151, 349, 187, 391]
[119, 364, 159, 406]
[505, 303, 545, 350]
[666, 269, 690, 301]
[567, 295, 596, 334]
[519, 432, 598, 524]
[500, 368, 552, 438]
[583, 368, 655, 447]
[340, 370, 396, 442]
