[1206, 380, 1228, 405]
[692, 373, 730, 394]
[174, 362, 200, 384]
[420, 377, 436, 394]
[926, 377, 946, 398]
[1052, 439, 1094, 482]
[1256, 385, 1280, 414]
[944, 393, 968, 419]
[614, 367, 632, 386]
[783, 378, 801, 398]
[259, 363, 278, 384]
[433, 362, 449, 381]
[186, 367, 205, 390]
[1194, 383, 1220, 413]
[302, 364, 319, 384]
[36, 358, 58, 381]
[846, 384, 872, 414]
[818, 374, 835, 393]
[451, 337, 469, 355]
[595, 376, 613, 394]
[914, 326, 928, 342]
[910, 400, 938, 433]
[372, 367, 390, 388]
[872, 374, 890, 396]
[826, 395, 860, 432]
[1093, 383, 1115, 409]
[712, 376, 732, 398]
[116, 366, 140, 394]
[630, 378, 652, 402]
[1141, 384, 1165, 416]
[443, 370, 464, 394]
[243, 371, 264, 396]
[778, 394, 815, 436]
[282, 366, 304, 391]
[94, 363, 114, 388]
[1018, 384, 1045, 414]
[694, 372, 712, 392]
[958, 374, 981, 400]
[388, 363, 407, 387]
[212, 363, 232, 385]
[1058, 384, 1084, 411]
[476, 360, 494, 382]
[1228, 392, 1252, 420]
[986, 387, 1018, 418]
[649, 413, 689, 457]
[746, 380, 770, 406]
[976, 502, 1103, 632]
[564, 400, 608, 450]
[326, 415, 374, 472]
[33, 376, 53, 402]
[704, 410, 741, 452]
[125, 544, 326, 763]
[217, 423, 272, 485]
[330, 448, 433, 538]
[329, 362, 350, 387]
[654, 372, 678, 398]
[65, 368, 89, 396]
[1116, 391, 1140, 420]
[1169, 391, 1193, 420]
[1185, 418, 1237, 466]
[996, 441, 1065, 503]
[560, 374, 582, 400]
[1241, 406, 1280, 453]
[878, 450, 954, 522]
[0, 524, 57, 638]
[428, 414, 477, 464]
[152, 460, 263, 570]
[41, 414, 110, 484]
[999, 556, 1163, 710]
[601, 456, 671, 539]
[1223, 490, 1280, 563]
[436, 551, 563, 705]
[734, 448, 814, 536]
