[494, 152, 509, 169]
[21, 142, 35, 159]
[102, 127, 116, 146]
[476, 192, 509, 231]
[142, 172, 157, 189]
[369, 173, 383, 191]
[483, 209, 519, 249]
[415, 177, 436, 200]
[131, 144, 144, 159]
[592, 157, 600, 174]
[536, 178, 554, 197]
[371, 179, 389, 200]
[96, 189, 118, 217]
[485, 151, 501, 167]
[73, 187, 98, 218]
[387, 180, 408, 204]
[61, 194, 89, 226]
[405, 190, 431, 220]
[561, 150, 577, 168]
[131, 178, 149, 201]
[568, 176, 587, 200]
[435, 137, 450, 154]
[506, 200, 552, 241]
[443, 189, 480, 233]
[22, 189, 61, 233]
