[103, 144, 115, 151]
[507, 160, 518, 174]
[316, 152, 323, 160]
[71, 146, 80, 155]
[114, 156, 122, 165]
[109, 144, 116, 152]
[284, 156, 292, 164]
[343, 158, 351, 165]
[148, 145, 157, 154]
[315, 166, 330, 183]
[101, 143, 109, 151]
[294, 145, 300, 152]
[217, 154, 226, 165]
[83, 162, 93, 173]
[173, 144, 181, 153]
[124, 155, 134, 166]
[91, 163, 103, 176]
[175, 164, 184, 175]
[72, 156, 82, 167]
[195, 155, 202, 163]
[140, 156, 149, 167]
[231, 154, 238, 163]
[246, 145, 254, 153]
[20, 140, 29, 150]
[229, 164, 242, 179]
[322, 152, 332, 163]
[447, 155, 457, 167]
[613, 163, 626, 179]
[52, 139, 60, 148]
[254, 155, 265, 169]
[40, 139, 49, 148]
[122, 167, 136, 184]
[381, 155, 390, 164]
[519, 160, 534, 177]
[416, 155, 433, 176]
[291, 173, 324, 212]
[399, 160, 410, 173]
[593, 163, 619, 193]
[192, 170, 214, 197]
[473, 152, 505, 191]
