[545, 138, 553, 148]
[645, 135, 650, 146]
[412, 123, 422, 135]
[588, 157, 594, 164]
[291, 139, 307, 157]
[422, 129, 431, 139]
[568, 131, 575, 140]
[569, 177, 581, 192]
[412, 131, 424, 145]
[571, 141, 580, 150]
[291, 145, 309, 168]
[307, 153, 323, 172]
[498, 163, 515, 181]
[586, 173, 604, 192]
[233, 140, 246, 157]
[227, 184, 241, 200]
[455, 193, 474, 214]
[162, 168, 174, 184]
[274, 164, 292, 187]
[261, 154, 277, 176]
[615, 129, 633, 148]
[120, 198, 134, 216]
[513, 124, 528, 141]
[196, 130, 213, 152]
[183, 166, 203, 189]
[408, 206, 426, 229]
[40, 213, 67, 247]
