[124, 211, 173, 246]
[212, 254, 365, 516]
[195, 210, 227, 245]
[117, 220, 145, 255]
[627, 203, 658, 239]
[635, 222, 671, 266]
[550, 202, 577, 241]
[257, 191, 284, 225]
[527, 192, 553, 225]
[699, 197, 723, 227]
[146, 204, 172, 240]
[462, 190, 485, 218]
[594, 196, 617, 223]
[967, 246, 1000, 312]
[65, 209, 98, 254]
[288, 195, 318, 235]
[736, 216, 772, 258]
[928, 278, 989, 350]
[81, 239, 127, 298]
[202, 224, 245, 279]
[318, 201, 350, 245]
[856, 233, 898, 285]
[741, 237, 782, 290]
[542, 319, 607, 403]
[919, 219, 962, 271]
[355, 225, 392, 278]
[50, 274, 107, 352]
[807, 209, 843, 249]
[252, 260, 310, 337]
[414, 252, 464, 321]
[7, 339, 96, 448]
[277, 339, 361, 446]
