[626, 314, 663, 354]
[259, 280, 276, 300]
[303, 275, 315, 287]
[260, 286, 280, 307]
[288, 278, 300, 291]
[298, 282, 316, 302]
[646, 294, 675, 325]
[632, 298, 663, 335]
[190, 287, 206, 304]
[258, 276, 271, 290]
[237, 278, 250, 295]
[610, 282, 632, 303]
[436, 286, 455, 306]
[201, 288, 221, 310]
[54, 296, 78, 323]
[340, 279, 351, 292]
[15, 292, 30, 310]
[463, 287, 483, 308]
[309, 305, 339, 336]
[588, 303, 651, 364]
[111, 288, 128, 307]
[438, 302, 466, 329]
[226, 300, 262, 339]
[387, 301, 415, 334]
[141, 282, 166, 313]
[73, 297, 109, 337]
