[236, 266, 252, 284]
[39, 276, 68, 309]
[342, 284, 364, 311]
[151, 293, 182, 327]
[530, 251, 540, 264]
[296, 266, 318, 290]
[370, 215, 379, 226]
[0, 344, 17, 434]
[436, 288, 465, 318]
[517, 308, 555, 351]
[459, 326, 500, 382]
[507, 284, 533, 313]
[319, 290, 348, 323]
[405, 324, 441, 364]
[90, 273, 113, 297]
[243, 270, 266, 294]
[547, 312, 614, 374]
[21, 239, 40, 255]
[58, 278, 90, 316]
[598, 251, 612, 266]
[156, 260, 173, 278]
[214, 258, 233, 278]
[479, 340, 538, 406]
[596, 325, 640, 384]
[372, 296, 412, 342]
[302, 336, 369, 412]
[177, 264, 199, 287]
[268, 286, 301, 323]
[214, 291, 239, 319]
[22, 314, 82, 379]
[271, 302, 315, 351]
[165, 310, 216, 368]
[117, 280, 151, 317]
