[639, 510, 676, 556]
[514, 395, 528, 410]
[1408, 450, 1435, 481]
[0, 495, 13, 535]
[1269, 435, 1284, 451]
[659, 411, 675, 431]
[868, 443, 887, 461]
[892, 525, 938, 574]
[1253, 452, 1277, 475]
[640, 389, 652, 403]
[0, 546, 29, 629]
[379, 383, 392, 397]
[739, 408, 751, 423]
[237, 416, 255, 435]
[1141, 432, 1160, 454]
[1153, 435, 1176, 461]
[39, 408, 56, 427]
[257, 417, 274, 436]
[789, 417, 804, 434]
[95, 418, 117, 441]
[614, 381, 628, 396]
[364, 417, 384, 440]
[832, 437, 850, 458]
[962, 442, 984, 467]
[1214, 449, 1233, 470]
[129, 457, 160, 491]
[432, 387, 445, 402]
[855, 426, 871, 444]
[1398, 454, 1425, 480]
[400, 411, 418, 429]
[71, 478, 105, 515]
[1235, 442, 1252, 463]
[924, 442, 942, 461]
[928, 531, 969, 576]
[739, 424, 758, 443]
[1269, 456, 1291, 480]
[766, 418, 781, 435]
[1027, 443, 1044, 464]
[637, 422, 653, 441]
[432, 413, 448, 432]
[4, 409, 21, 429]
[306, 412, 324, 435]
[54, 419, 76, 442]
[114, 425, 130, 444]
[689, 410, 705, 430]
[667, 430, 684, 450]
[1472, 445, 1495, 471]
[1300, 449, 1320, 473]
[1001, 438, 1022, 463]
[275, 417, 295, 440]
[1109, 432, 1128, 453]
[603, 428, 620, 448]
[1197, 455, 1219, 481]
[1319, 446, 1339, 467]
[501, 379, 515, 396]
[326, 414, 344, 436]
[1456, 452, 1479, 479]
[546, 421, 561, 439]
[1481, 480, 1519, 520]
[1018, 424, 1032, 442]
[1458, 494, 1498, 537]
[1435, 440, 1455, 464]
[51, 444, 79, 476]
[111, 391, 127, 412]
[19, 438, 50, 470]
[806, 429, 824, 452]
[1184, 431, 1201, 451]
[1345, 458, 1365, 482]
[79, 449, 107, 480]
[1085, 429, 1102, 449]
[175, 422, 193, 443]
[205, 406, 223, 428]
[384, 489, 423, 534]
[902, 433, 918, 452]
[1040, 430, 1056, 450]
[1141, 445, 1166, 476]
[277, 481, 310, 518]
[40, 484, 82, 526]
[1080, 447, 1101, 474]
[1509, 423, 1534, 453]
[424, 490, 464, 532]
[170, 461, 205, 500]
[325, 486, 361, 527]
[608, 497, 654, 549]
[305, 518, 369, 582]
[209, 466, 244, 504]
[361, 546, 429, 606]
[106, 488, 155, 538]
[1440, 518, 1490, 570]
[448, 506, 495, 553]
[736, 622, 826, 693]
[152, 497, 202, 551]
[286, 588, 361, 676]
[876, 540, 937, 598]
[245, 520, 301, 582]
[24, 574, 98, 639]
[678, 516, 724, 570]
[992, 574, 1052, 639]
[497, 561, 563, 626]
[453, 687, 548, 799]
[927, 632, 1007, 731]
[372, 650, 461, 764]
[766, 536, 822, 594]
