[20, 92, 35, 108]
[241, 69, 248, 76]
[138, 68, 148, 78]
[67, 86, 78, 98]
[7, 103, 23, 121]
[58, 89, 70, 102]
[256, 64, 263, 71]
[255, 88, 269, 103]
[424, 91, 438, 107]
[241, 96, 258, 117]
[181, 105, 197, 124]
[28, 101, 47, 122]
[57, 99, 73, 116]
[351, 90, 364, 106]
[331, 74, 342, 86]
[119, 78, 131, 91]
[399, 93, 418, 114]
[384, 97, 399, 114]
[268, 106, 286, 126]
[267, 129, 302, 167]
[278, 70, 292, 87]
[284, 153, 322, 200]
[93, 88, 108, 104]
[467, 97, 485, 120]
[366, 100, 381, 117]
[116, 166, 156, 215]
