[619, 403, 634, 418]
[460, 737, 549, 808]
[864, 388, 878, 403]
[668, 400, 683, 416]
[872, 392, 885, 405]
[563, 413, 578, 428]
[610, 411, 625, 428]
[713, 395, 729, 415]
[830, 387, 848, 407]
[535, 417, 555, 437]
[693, 389, 708, 406]
[21, 484, 60, 536]
[420, 414, 439, 436]
[758, 382, 775, 402]
[156, 498, 195, 543]
[1052, 373, 1097, 417]
[424, 492, 450, 517]
[847, 411, 877, 443]
[982, 394, 1012, 429]
[1071, 397, 1116, 443]
[379, 521, 405, 548]
[907, 405, 933, 437]
[39, 480, 96, 542]
[956, 405, 988, 444]
[679, 438, 718, 483]
[462, 574, 501, 623]
[172, 516, 228, 578]
[573, 583, 621, 644]
