[813, 209, 887, 302]
[612, 200, 666, 227]
[607, 194, 630, 219]
[712, 210, 736, 239]
[366, 212, 388, 235]
[342, 202, 366, 225]
[616, 196, 639, 223]
[600, 194, 621, 219]
[266, 209, 299, 243]
[754, 194, 773, 215]
[492, 190, 505, 205]
[830, 227, 886, 281]
[716, 208, 751, 247]
[759, 214, 805, 261]
[643, 202, 666, 229]
[395, 194, 412, 212]
[260, 194, 274, 209]
[836, 198, 861, 226]
[674, 207, 700, 240]
[941, 215, 972, 246]
[300, 212, 333, 253]
[169, 213, 234, 284]
[264, 228, 306, 278]
[25, 243, 117, 349]
