[117, 148, 170, 244]
[194, 140, 206, 153]
[423, 139, 436, 152]
[59, 188, 93, 225]
[157, 143, 170, 157]
[36, 143, 50, 158]
[341, 154, 361, 177]
[337, 139, 351, 155]
[244, 158, 264, 179]
[243, 139, 258, 157]
[285, 151, 300, 168]
[101, 143, 115, 160]
[418, 163, 443, 190]
[321, 161, 343, 187]
[132, 136, 145, 152]
[362, 146, 380, 165]
[215, 144, 231, 162]
[53, 146, 68, 164]
[177, 151, 194, 172]
[73, 148, 91, 169]
[445, 171, 460, 202]
[234, 97, 250, 114]
[286, 175, 311, 203]
[196, 167, 220, 193]
[133, 147, 153, 173]
[21, 201, 90, 277]
[0, 154, 25, 189]
[372, 176, 409, 216]
[110, 191, 150, 246]
