[69, 182, 92, 216]
[351, 170, 380, 184]
[267, 166, 282, 176]
[163, 183, 176, 198]
[32, 184, 50, 203]
[274, 167, 282, 177]
[293, 167, 302, 178]
[266, 164, 275, 175]
[182, 182, 194, 195]
[353, 211, 370, 231]
[312, 165, 323, 177]
[235, 192, 248, 206]
[69, 191, 87, 210]
[194, 164, 204, 176]
[155, 177, 166, 191]
[260, 192, 274, 207]
[176, 165, 186, 178]
[324, 171, 335, 183]
[342, 194, 357, 211]
[301, 186, 315, 202]
[219, 165, 229, 176]
[592, 228, 622, 264]
[351, 170, 362, 183]
[309, 198, 326, 218]
[577, 188, 596, 208]
[447, 172, 462, 188]
[367, 169, 380, 184]
[125, 180, 139, 197]
[518, 217, 540, 245]
[383, 199, 402, 222]
[545, 187, 561, 206]
[105, 232, 132, 260]
[175, 216, 199, 245]
[386, 173, 398, 187]
[512, 182, 528, 202]
[416, 171, 430, 187]
[52, 202, 80, 236]
[28, 139, 44, 159]
[628, 188, 640, 210]
[79, 142, 93, 159]
[474, 177, 489, 195]
[447, 214, 470, 244]
[157, 204, 177, 227]
[554, 245, 588, 284]
[368, 248, 402, 290]
[397, 320, 454, 385]
[274, 279, 313, 329]
