[366, 307, 378, 319]
[781, 298, 796, 317]
[24, 298, 34, 309]
[323, 301, 333, 312]
[123, 299, 133, 310]
[742, 299, 754, 313]
[0, 281, 5, 293]
[702, 301, 717, 317]
[68, 297, 81, 310]
[755, 297, 770, 314]
[431, 302, 444, 316]
[336, 308, 349, 321]
[601, 302, 614, 316]
[117, 284, 125, 293]
[498, 308, 512, 325]
[673, 305, 687, 321]
[554, 298, 568, 315]
[402, 301, 414, 315]
[721, 300, 732, 313]
[511, 310, 530, 332]
[367, 320, 385, 343]
[227, 303, 238, 316]
[623, 315, 647, 338]
[264, 307, 278, 322]
[98, 302, 110, 315]
[458, 332, 481, 361]
[582, 306, 598, 324]
[187, 308, 204, 328]
[537, 305, 554, 323]
[557, 317, 580, 343]
[240, 313, 260, 335]
[410, 321, 434, 351]
[768, 300, 784, 320]
[141, 304, 157, 322]
[335, 321, 354, 341]
[465, 307, 482, 329]
[687, 311, 706, 333]
[297, 304, 313, 322]
[531, 326, 561, 367]
[734, 310, 764, 337]
