[224, 172, 266, 242]
[245, 158, 254, 168]
[395, 168, 412, 189]
[495, 176, 512, 213]
[191, 162, 205, 177]
[256, 159, 268, 174]
[216, 156, 229, 174]
[20, 174, 40, 198]
[131, 163, 147, 182]
[424, 176, 451, 211]
[55, 162, 73, 182]
[271, 160, 283, 174]
[296, 157, 307, 171]
[300, 196, 338, 238]
[176, 159, 193, 179]
[351, 162, 371, 186]
[159, 160, 174, 179]
[399, 177, 434, 222]
[283, 174, 308, 207]
[322, 178, 350, 214]
[234, 161, 248, 180]
[368, 176, 391, 206]
[0, 172, 16, 196]
[110, 158, 129, 180]
[412, 209, 460, 257]
[34, 167, 58, 196]
[236, 199, 268, 243]
[196, 183, 226, 223]
[77, 119, 114, 154]
[458, 174, 501, 227]
