[447, 334, 481, 362]
[338, 328, 380, 352]
[616, 331, 640, 358]
[165, 349, 214, 375]
[695, 342, 732, 366]
[682, 345, 700, 369]
[926, 367, 941, 386]
[664, 334, 680, 356]
[477, 339, 495, 362]
[698, 345, 718, 370]
[495, 332, 512, 355]
[771, 340, 795, 365]
[446, 327, 465, 351]
[552, 359, 572, 385]
[668, 358, 689, 383]
[100, 345, 122, 373]
[625, 345, 643, 369]
[909, 367, 929, 392]
[714, 340, 733, 364]
[246, 338, 267, 363]
[743, 336, 762, 359]
[482, 351, 504, 376]
[734, 355, 753, 379]
[878, 362, 898, 388]
[579, 348, 599, 373]
[552, 331, 572, 356]
[379, 340, 398, 363]
[461, 340, 479, 365]
[411, 322, 429, 344]
[601, 348, 620, 371]
[165, 349, 187, 376]
[528, 330, 548, 354]
[575, 326, 594, 351]
[123, 346, 146, 374]
[23, 332, 48, 361]
[809, 340, 829, 365]
[144, 350, 165, 375]
[650, 337, 668, 360]
[784, 351, 805, 378]
[506, 337, 527, 363]
[714, 360, 735, 387]
[191, 347, 213, 376]
[260, 323, 279, 347]
[345, 351, 367, 378]
[280, 329, 300, 354]
[258, 353, 280, 379]
[392, 366, 412, 393]
[520, 362, 539, 386]
[363, 336, 381, 359]
[757, 362, 779, 387]
[314, 326, 335, 352]
[406, 341, 427, 366]
[223, 353, 246, 381]
[58, 355, 84, 383]
[590, 368, 608, 392]
[338, 326, 358, 352]
[437, 363, 457, 388]
[297, 364, 319, 391]
[628, 366, 648, 392]
[856, 360, 877, 387]
[824, 352, 846, 379]
[612, 328, 632, 352]
[432, 336, 452, 360]
[946, 350, 970, 377]
