[164, 129, 176, 144]
[277, 123, 287, 136]
[153, 118, 166, 132]
[191, 109, 200, 119]
[14, 112, 28, 129]
[410, 135, 419, 145]
[307, 140, 321, 156]
[442, 144, 450, 157]
[15, 127, 32, 146]
[174, 104, 183, 115]
[426, 142, 436, 155]
[439, 162, 450, 181]
[50, 114, 64, 131]
[436, 161, 448, 176]
[90, 116, 102, 132]
[139, 128, 154, 146]
[205, 116, 216, 128]
[286, 144, 300, 159]
[147, 140, 161, 159]
[58, 127, 72, 143]
[24, 135, 43, 154]
[68, 137, 85, 159]
[160, 144, 177, 164]
[412, 166, 428, 183]
[256, 132, 268, 146]
[224, 122, 236, 136]
[186, 140, 199, 158]
[315, 156, 330, 173]
[356, 140, 368, 154]
[391, 145, 405, 160]
[347, 165, 364, 184]
[211, 165, 230, 191]
[398, 181, 417, 203]
[339, 150, 353, 167]
[378, 165, 392, 182]
[23, 148, 43, 172]
[133, 150, 150, 173]
[434, 183, 450, 204]
[113, 138, 129, 161]
[156, 172, 175, 199]
[115, 192, 143, 225]
[186, 187, 211, 220]
[78, 146, 96, 171]
[247, 192, 270, 220]
[50, 196, 81, 232]
[30, 166, 56, 196]
[292, 181, 318, 208]
