[65, 135, 82, 151]
[59, 105, 71, 118]
[267, 133, 292, 185]
[112, 103, 119, 110]
[133, 119, 147, 134]
[232, 114, 244, 126]
[95, 105, 103, 113]
[622, 84, 631, 94]
[152, 112, 160, 121]
[216, 97, 225, 107]
[277, 136, 286, 146]
[237, 145, 251, 161]
[72, 139, 83, 151]
[723, 486, 790, 569]
[319, 558, 329, 569]
[124, 153, 140, 173]
[296, 573, 311, 591]
[180, 113, 188, 122]
[456, 573, 472, 593]
[411, 205, 433, 233]
[425, 163, 440, 179]
[819, 472, 865, 519]
[148, 569, 168, 592]
[280, 558, 293, 573]
[366, 564, 380, 579]
[170, 177, 190, 201]
[532, 187, 551, 209]
[393, 564, 406, 578]
[305, 143, 315, 157]
[163, 556, 177, 573]
[84, 562, 100, 580]
[314, 165, 331, 186]
[207, 575, 229, 601]
[259, 242, 285, 271]
[11, 570, 36, 598]
[356, 144, 368, 158]
[798, 50, 852, 121]
[1066, 71, 1103, 117]
[1012, 131, 1054, 181]
[618, 466, 752, 604]
[538, 568, 560, 590]
[869, 456, 934, 536]
[1015, 414, 1156, 575]
[617, 388, 668, 453]
[902, 164, 975, 245]
