[1489, 842, 1527, 887]
[1309, 849, 1441, 923]
[1404, 828, 1442, 868]
[1034, 996, 1436, 1466]
[1790, 876, 1874, 976]
[427, 862, 508, 948]
[2194, 908, 2246, 970]
[333, 930, 456, 1082]
[1267, 817, 1307, 864]
[1890, 882, 1940, 934]
[1752, 844, 1780, 876]
[1807, 854, 1839, 888]
[1931, 884, 1973, 936]
[2528, 990, 2560, 1112]
[390, 815, 470, 908]
[2100, 932, 2180, 1018]
[1443, 846, 1507, 925]
[1597, 869, 1645, 925]
[2043, 902, 2094, 954]
[37, 866, 172, 996]
[1304, 848, 1376, 936]
[1728, 868, 1780, 926]
[248, 786, 312, 864]
[2400, 932, 2476, 1018]
[2206, 928, 2286, 1024]
[1227, 837, 1283, 902]
[83, 802, 180, 910]
[1385, 852, 1439, 913]
[1646, 880, 1720, 966]
[374, 780, 441, 852]
[773, 778, 826, 838]
[1095, 819, 1147, 881]
[2246, 957, 2350, 1072]
[2458, 924, 2522, 998]
[862, 842, 928, 925]
[2154, 1060, 2334, 1232]
[2328, 988, 2460, 1138]
[35, 928, 206, 1108]
[186, 778, 269, 874]
[607, 958, 721, 1102]
[1241, 891, 1329, 996]
[373, 951, 556, 1170]
[1519, 862, 1605, 964]
[772, 816, 836, 902]
[1143, 810, 1201, 881]
[360, 831, 455, 938]
[1866, 922, 1952, 1034]
[2026, 948, 2126, 1064]
[1026, 799, 1082, 868]
[642, 799, 694, 859]
[279, 1140, 577, 1512]
[1027, 894, 1111, 1000]
[942, 806, 1008, 886]
[1609, 952, 1739, 1108]
[1401, 921, 1521, 1090]
[1761, 924, 1869, 1062]
[1120, 930, 1242, 1052]
[724, 961, 915, 1170]
[1914, 1022, 2082, 1212]
[1197, 1140, 1455, 1450]
