[391, 136, 399, 144]
[408, 138, 416, 147]
[348, 145, 358, 157]
[516, 137, 526, 148]
[259, 133, 266, 141]
[309, 146, 320, 157]
[417, 138, 426, 148]
[438, 132, 446, 141]
[147, 136, 155, 146]
[140, 140, 150, 151]
[291, 136, 301, 148]
[159, 139, 168, 150]
[326, 142, 336, 156]
[207, 140, 216, 149]
[472, 139, 482, 150]
[73, 148, 84, 160]
[200, 142, 210, 154]
[201, 154, 213, 169]
[356, 146, 367, 158]
[157, 122, 165, 132]
[186, 137, 194, 147]
[109, 149, 120, 162]
[286, 158, 299, 174]
[165, 146, 174, 156]
[206, 166, 219, 180]
[251, 137, 261, 148]
[248, 152, 261, 167]
[277, 158, 289, 173]
[245, 166, 259, 182]
[71, 158, 86, 174]
[437, 181, 457, 202]
[240, 139, 248, 150]
[399, 155, 413, 172]
[373, 165, 387, 182]
[117, 153, 130, 167]
[444, 160, 459, 177]
[186, 164, 199, 178]
[364, 188, 385, 213]
[52, 149, 64, 163]
[486, 170, 505, 190]
[20, 154, 33, 170]
[160, 183, 182, 205]
[83, 170, 100, 191]
[288, 185, 309, 209]
[439, 266, 494, 313]
[412, 199, 437, 227]
[143, 182, 161, 202]
[268, 222, 296, 257]
[470, 240, 507, 268]
